2 0.050742574257425746 0.5313531353135313 0.017326732673267325 0.028602860286028715
1 0.024133663366336634 0.6116611661166117 0.01608910891089109 0.02200220022002192
2 0.41212871287128705 0.1111111111111111 0.009900990099009944 0.019801980198019802
2 0.8494503317740234 0.9111993707396147 0.02305400951952322 0.028565237384459437
2 0.8420415777242073 0.21665931949387487 0.014434015476786329 0.02566047195873118
2 0.7672733775544543 0.20023661744028692 0.020784982286572388 0.02566047195873118
2 0.9676175123722481 0.12325520156409336 0.01039249114328598 0.029766147472128194
2 0.9199852612988532 0.3033917147143863 0.012124573000500618 0.020528377566984942
2 0.16646039603960397 0.053905390539053896 0.021039603960396037 0.033003300330033
2 0.07054455445544555 0.9746974697469747 0.024752475247524757 0.0352035203520353
